<ZY NumPhases="9" Length="1.0000" ZFmt="R+Xi" YFmt="G+Bi">
  <Z Freq="1.0000000000000000E-03">
1.3434279069898911E-05+1.7952866255503812E-08i,1.1017765633788020E-11+1.7081287857882299E-08i,1.1017764470276360E-11+1.7010534496485781E-08i,1.1015007112753420E-11+1.5576892169123991E-08i,1.1015007838539930E-11+1.5576896150241041E-08i,1.1015007832216130E-11+1.5576896296215632E-08i,1.1015008907855811E-11+1.5577067525585591E-08i,1.1015009786503661E-11+1.5577073892113442E-08i,1.1015009785051650E-11+1.5577073931078009E-08i
1.1017765633788020E-11+1.7081287857882319E-08i,4.8965847155552837E-04+1.7053209940201269E-08i,1.1017764436496461E-11+1.7010534018250459E-08i,1.1015007208492361E-11+1.5576891666096819E-08i,1.1015007934228091E-11+1.5576895647213502E-08i,1.1015007927904550E-11+1.5576895793192361E-08i,1.1015009647847549E-11+1.5577051592013609E-08i,1.1015010526527139E-11+1.5577057958287028E-08i,1.1015010525075190E-11+1.5577057997259709E-08i
1.1017764470276360E-11+1.7010534496485781E-08i,1.1017764436496449E-11+1.7010534018250469E-08i,7.1275338935888172E-04+1.7009694007398330E-08i,1.1015007212246959E-11+1.5576891511375961E-08i,1.1015007937982130E-11+1.5576895492488471E-08i,1.1015007931658590E-11+1.5576895638466728E-08i,1.1015009642246840E-11+1.5577051718596958E-08i,1.1015010520926270E-11+1.5577058084887011E-08i,1.1015010519474310E-11+1.5577058123859229E-08i
1.1015007112753420E-11+1.5576892169123991E-08i,1.1015007208492361E-11+1.5576891666096809E-08i,1.1015007212246959E-11+1.5576891511375971E-08i,1.3434279070081390E-05+1.7963938465725391E-08i,1.1017951241640630E-11+1.7092387891757259E-08i,1.1017950077073291E-11+1.7021634591932449E-08i,1.1015102403034780E-11+1.5582521805360730E-08i,1.1015102147403959E-11+1.5582506433544761E-08i,1.1015102152293051E-11+1.5582506338279011E-08i
1.1015007838539939E-11+1.5576896150241041E-08i,1.1015007934228091E-11+1.5576895647213502E-08i,1.1015007937982130E-11+1.5576895492488481E-08i,1.1017951241640630E-11+1.7092387891757259E-08i,4.8965847155570423E-04+1.7064310701644261E-08i,1.1017950119538740E-11+1.7021634707642821E-08i,1.1015103577693039E-11+1.5582521013060809E-08i,1.1015103322040260E-11+1.5582505641055911E-08i,1.1015103326929440E-11+1.5582505545791820E-08i
1.1015007832216121E-11+1.5576896296215632E-08i,1.1015007927904540E-11+1.5576895793192371E-08i,1.1015007931658590E-11+1.5576895638466718E-08i,1.1017950077073291E-11+1.7021634591932449E-08i,1.1017950119538730E-11+1.7021634707642821E-08i,7.1275338935904880E-04+1.7020794697957151E-08i,1.1015103571670630E-11+1.5582520929618101E-08i,1.1015103316018230E-11+1.5582505557622289E-08i,1.1015103320907400E-11+1.5582505462357939E-08i
1.1015008907855811E-11+1.5577067525585591E-08i,1.1015009647847549E-11+1.5577051592013619E-08i,1.1015009642246840E-11+1.5577051718596958E-08i,1.1015102403034780E-11+1.5582521805360720E-08i,1.1015103577693039E-11+1.5582521013060789E-08i,1.1015103571670630E-11+1.5582520929618091E-08i,1.3434279070090179E-05+1.7964450625337511E-08i,1.1017957744336239E-11+1.7092889322791409E-08i,1.1017956580156670E-11+1.7022135976960378E-08i
1.1015009786503649E-11+1.5577073892113442E-08i,1.1015010526527139E-11+1.5577057958287038E-08i,1.1015010520926270E-11+1.5577058084887011E-08i,1.1015102147403950E-11+1.5582506433544751E-08i,1.1015103322040270E-11+1.5582505641055891E-08i,1.1015103316018220E-11+1.5582505557622289E-08i,1.1017957744336239E-11+1.7092889322791409E-08i,4.8965847155571019E-04+1.7064811736840651E-08i,1.1017956552373579E-11+1.7022135740156459E-08i
1.1015009785051650E-11+1.5577073931077999E-08i,1.1015010525075190E-11+1.5577057997259699E-08i,1.1015010519474310E-11+1.5577058123859229E-08i,1.1015102152293051E-11+1.5582506338279002E-08i,1.1015103326929440E-11+1.5582505545791800E-08i,1.1015103320907391E-11+1.5582505462357910E-08i,1.1017956580156670E-11+1.7022135976960368E-08i,1.1017956552373579E-11+1.7022135740156459E-08i,7.1275338935905086E-04+1.7021295725736878E-08i
  </Z>
  <Y Freq="1.0000000000000000E-03">
1.0235427486802910E-12+3.5876442374760141E-12i,-1.0235427486802910E-12-3.5876442374760120E-12i,0.0000000000000000E+00+0.0000000000000000E+00i,0.0000000000000000E+00+0.0000000000000000E+00i,0.0000000000000000E+00+0.0000000000000000E+00i,0.0000000000000000E+00+0.0000000000000000E+00i,0.0000000000000000E+00+0.0000000000000000E+00i,0.0000000000000000E+00+0.0000000000000000E+00i,0.0000000000000000E+00+0.0000000000000000E+00i
-1.0235427486802910E-12-3.5876442374760108E-12i,1.6425015376953339E-01+1.5678614572597519E-09i,-1.6425015376850960E-01-1.5642738130222760E-09i,0.0000000000000000E+00+0.0000000000000000E+00i,0.0000000000000000E+00+0.0000000000000000E+00i,0.0000000000000000E+00+0.0000000000000000E+00i,0.0000000000000000E+00+0.0000000000000000E+00i,0.0000000000000000E+00+0.0000000000000000E+00i,0.0000000000000000E+00+0.0000000000000000E+00i
0.0000000000000000E+00+0.0000000000000000E+00i,-1.6425015376850960E-01-1.5642738130222760E-09i,1.6425015376906821E-01+1.5785181589513440E-09i,0.0000000000000000E+00+0.0000000000000000E+00i,0.0000000000000000E+00+0.0000000000000000E+00i,7.1878404738314777E-20-5.7120222538543638E-21i,0.0000000000000000E+00+0.0000000000000000E+00i,0.0000000000000000E+00+0.0000000000000000E+00i,7.1879257446717906E-20-5.7120900167636763E-21i
0.0000000000000000E+00+0.0000000000000000E+00i,0.0000000000000000E+00+0.0000000000000000E+00i,0.0000000000000000E+00+0.0000000000000000E+00i,1.0235261510765790E-12+3.5875860608171570E-12i,-1.0235261510765790E-12-3.5875860608171562E-12i,0.0000000000000000E+00+0.0000000000000000E+00i,0.0000000000000000E+00+0.0000000000000000E+00i,0.0000000000000000E+00+0.0000000000000000E+00i,0.0000000000000000E+00+0.0000000000000000E+00i
0.0000000000000000E+00+0.0000000000000000E+00i,0.0000000000000000E+00+0.0000000000000000E+00i,0.0000000000000000E+00+0.0000000000000000E+00i,-1.0235261510765790E-12-3.5875860608171562E-12i,1.6425015376954741E-01+1.5678613990832289E-09i,-1.6425015376852370E-01-1.5642738130224119E-09i,0.0000000000000000E+00+0.0000000000000000E+00i,0.0000000000000000E+00+0.0000000000000000E+00i,0.0000000000000000E+00+0.0000000000000000E+00i
0.0000000000000000E+00+0.0000000000000000E+00i,0.0000000000000000E+00+0.0000000000000000E+00i,7.1878404738314741E-20-5.7120222538543638E-21i,0.0000000000000000E+00+0.0000000000000000E+00i,-1.6425015376852370E-01-1.5642738130224119E-09i,1.6425015376908189E-01+1.5785181589523670E-09i,0.0000000000000000E+00+0.0000000000000000E+00i,0.0000000000000000E+00+0.0000000000000000E+00i,7.1649474811640504E-20-5.6938296848403217E-21i
0.0000000000000000E+00+0.0000000000000000E+00i,0.0000000000000000E+00+0.0000000000000000E+00i,0.0000000000000000E+00+0.0000000000000000E+00i,0.0000000000000000E+00+0.0000000000000000E+00i,0.0000000000000000E+00+0.0000000000000000E+00i,0.0000000000000000E+00+0.0000000000000000E+00i,1.0235189000849910E-12+3.5875606451926360E-12i,-1.0235189000849920E-12-3.5875606451926352E-12i,0.0000000000000000E+00+0.0000000000000000E+00i
0.0000000000000000E+00+0.0000000000000000E+00i,0.0000000000000000E+00+0.0000000000000000E+00i,0.0000000000000000E+00+0.0000000000000000E+00i,0.0000000000000000E+00+0.0000000000000000E+00i,0.0000000000000000E+00+0.0000000000000000E+00i,0.0000000000000000E+00+0.0000000000000000E+00i,-1.0235189000849920E-12-3.5875606451926340E-12i,1.6425015376954749E-01+1.5678613736676110E-09i,-1.6425015376852389E-01-1.5642738130224179E-09i
0.0000000000000000E+00+0.0000000000000000E+00i,0.0000000000000000E+00+0.0000000000000000E+00i,7.1879257446717858E-20-5.7120900167636763E-21i,0.0000000000000000E+00+0.0000000000000000E+00i,0.0000000000000000E+00+0.0000000000000000E+00i,7.1649474811640504E-20-5.6938296848403240E-21i,0.0000000000000000E+00+0.0000000000000000E+00i,-1.6425015376852389E-01-1.5642738130224179E-09i,1.6425015376908231E-01+1.5785181589523740E-09i
  </Y>
</ZY>
